0.0019406
0.0169328
0.123057
0.0016665
0.113417
0.00251876
0.368496
0.38552
0.0360836
0.322148
0.906808
0.0724741
0.0533006
0.0309548
0.033832
0.000124228
0.00363444
0.00504173
0.000372486
0.00044962
0.00628543
0.0726932
0.117055
0.0763634
0.129319
0.103181
0.438463
0.285733
0.0841649
0.439648
0.314031
0.14915
0.276463
0.836071
1.70571
1.04144
0.147769
0.0100012
0.537911
0.905439
0.0179984
0.0872747
0.387456
0.476562
0.0852507
0.00482566
0.198532
0.622833
0.0322668
0.152304
0.0906488
0.00954378
0.00533147
0.0159859
0.23773
0.780374
0.227784
0.100071
0.0210863
0.196304
0.0887689
0.036346
0.82635
0.132736
0.0288647
0.0800485
0.00948027
0.0353075
0.215209
0.675853
1.3196
0.961398
0.4794
0.185407
0.339537
0.958707
2.63461
2.50772
1.92701
1.9387
1.55662
0.896324
0.500979
0.717376
1.30552
1.80771
3.06064
3.79081
3.13151
2.53763
1.93336
0.915154
0.766454
1.49824
2.75096
3.33227
2.84892
2.33386
1.84643
1.26837
1.06905
1.23893
1.6425
2.1976
2.20899
1.9882
1.23281
1.26186
1.64065
1.55689
1.30502
0.607299
0.568722
0.711153
0.679594
0.314985
0.361062
0.86544
1.03222
1.27632
0.714916
0.653269
0.724729
0.871463
0.52635
0.571559
0.524216
1.30662
1.17044
0.452294
0.257337
0.260159
0.641198
0.729747
0.446821
0.284984
0.379021
0.424358
0.42665
0.361443
0.346464
0.612549
0.769765
0.666757
0.531151
0.430281
0.510228
0.581899
0.66349
0.58239
0.38371
0.435392
0.496574
0.344483
0.41953
0.45959
0.561016
0.775318
0.669161
0.434503
0.397483
0.302103
0.3343
0.276778
0.249156
0.322378
0.544864
0.548054
0.390275
0.264217
0.160732
0.187732
0.32285
0.26365
0.139438
0.175271
0.245189
0.242817
0.271957
0.23295
0.219407
0.212748
0.169474
0.178469
0.112259
0.132124
0.176087
0.186067
0.157543
0.165138
0.163999
0.185684
0.121821
0.0705416
0.0975894
0.112034
0.147006
0.12407
0.082614
0.0646895
0.0591824
0.0575966
0.0883969
0.0997985
0.0592503
0.058674
0.0647139
0.0488417
0.0492118
0.0355747
0.025039
0.0278338
0.0357425
0.040973
0.0352764
0.0158373
0.0123707
0.016447
0.0153222
0.0172295
0.0232867
0.0161884
0.0138647
0.0142165
0.0107115
0.00773039
0.00754281
0.00497591
0.00511464
0.00648178
0.00599447
0.00422839
0.00302115
0.00241376
0.00250062
0.00199686
0.00181716
0.00148397
0.00132819
0.000881553
0.000821137
0.00072875
0.000598748
0.000376734
0.000290093
0.000182575
0.000172084
0.000109825
5.00706e-05
2.40003e-05
1.21738e-05
8.88672e-06
4.57547e-06
1.40981e-06
1.6585e-07
1.33532e-09
2.87887e-09
3.14149e-08
3.37568e-07
1.60839e-06
4.43668e-06
8.54918e-06
1.47868e-05
2.79425e-05
5.62679e-05
0.000103779
0.000155592
0.000208238
0.000286613
0.000406231
0.000560656
0.000706281
0.000821627
0.000985782
0.00124139
0.00151414
0.00177546
0.00206431
0.00234724
0.00264427
0.00323027
0.00428981
0.00543116
0.00582793
0.0055422
0.00581103
0.00696006
0.0084963
0.0106904
0.0129997
0.014668
0.0170776
0.0190588
0.0179721
0.0162554
0.0153171
0.0152779
0.0199251
0.0297399
0.036039
0.0342447
0.0299717
0.029788
0.0362187
0.0449492
0.052268
0.0582762
0.0614093
0.0692695
0.0820045
0.0798757
0.0671064
0.062892
0.0699976
0.0884206
0.114184
0.126033
0.11475
0.0974526
0.0955814
0.12247
0.15646
0.166441
0.164247
0.167016
0.172485
0.163409
0.141616
0.138271
0.158568
0.181306
0.202218
0.220569
0.237688
0.250206
0.245649
0.222939
0.189521
0.187653
0.234763
0.255522
0.217425
0.208214
0.271963
0.383487
0.476315
0.460664
0.357941
0.289543
0.289183
0.312071
0.338609
0.39
0.483453
0.608869
0.658125
0.577948
0.481175
0.421137
0.408644
0.435217
0.440092
0.458109
0.540516
0.600012
0.57442
0.515396
0.492639
0.545467
0.638626
0.667775
0.563632
0.430077
0.387739
0.404998
0.405005
0.372248
0.369092
0.466044
0.58313
0.522269
0.368861
0.350477
0.55675
0.904523
0.964142
0.721495
0.589098
0.628655
0.720525
0.73397
0.717855
0.834554
1.00922
0.986006
0.743529
0.49575
0.446117
0.568502
0.645822
0.646314
0.788205
1.13761
1.44119
1.48486
1.38808
1.47114
1.80766
2.06257
1.9853
1.65746
1.33762
1.22722
1.39944
1.81075
2.3033
2.748
2.89514
2.41881
1.59831
1.0999
1.19633
1.77498
2.46434
3.03408
3.25116
2.77176
1.95009
1.28256
0.849515
0.726713
0.965447
1.42296
1.79795
2.05152
2.25022
1.93657
1.08797
0.4931
0.351285
0.512815
0.825069
0.871405
0.992528
0.325263
0.00121908
0.0333566
0.126073
0.00892117
0.297651
0.531876
0.0531333
0.260026
0.408526
0.0210863
0.215075
0.214382
0.305648
0.230973
0.122331
0.0127379
0.079729
0.130766
0.126468
0.0340777
0.698191
0.306025
0.0452202
0.0584082
0.233805
0.748546
0.0141929
0.239724
0.217753
0.210558
0.198391
0.190104
0.925989
1.22099
1.1637
0.732474
7.12739e-06
0.302683
0.561983
0.0504981
0.570368
0.609926
0.0235832
0.083539
0.0318689
0.124021
0.00317719
0.0536582
0.0806386
0.0465513
0.00146555
0.00863174
0.014568
0.0357023
0.0174309
0.0348581
0.152636
1.10462
0.239951
0.0197969
0.0803199
0.246332
0.0858645
0.0373405
0.14355
0.178495
0.00174231
